%% thickness plot

% Res = readtable('G:\HAW_tip\data\Sizing_Results.xlsx','Sheet','AR19_FWT');

% Eta=0.85
x1=[0.027340383	0.028603848	0.029725752	0.029974759	0.031034137	0.032735202	0.039609329	0.043529875	0.046493235	0.04608511	0.045938318	0.045959811	0.045988237	0.041956391	0.041430907	0.040835445	0.039913865	0.038766877	0.033458223	0.036063169	0.037005598	0.03764346	0.034429109	0.028950006	0.016087067	0.009141008	0.009203225	0.009273596	0.009372603	0.00950832	0.009661973	0.009631135	0.009746061	0.009932049	0.00963159	0.009315086	0.00898109	0.00861313	0.008270483	0.007891068	0.007472047	0.007165947	0.006975031	0.0067466	0.006363138	0.005839796	0.005179279	0.004282995	0.003211139	0.001331628	0.000117651	0.00012046	0.000123778	0.000128853	0.000136692	0.000146527	0.000142149	0.000148416	0.000159236	0.000135214	0.000116392	0.000101625	8.95E-05	8.08E-05	7.31E-05	6.55E-05	6.02E-05	5.69E-05	5.34E-05	4.73E-05	3.99E-05	3.14E-05	2.18E-05	1.16E-05	1.84E-06
];

Y1=[2	2.758168763	3.516337526	4.274506289	5.032675052	5.790843815	6.549012578	7.307181341	8.065350104	8.879679516	9.694008929	10.50833834	11.32266775	12.13699717	12.95132658	13.76565599	14.5799854	15.39431481	16.20864423	17.02297364	17.83730305	18.65163246	19.46596187	20.28029129	21.0946207	21.43158459	21.76854849	22.10551238	22.44247628	22.77944017	23.11640407	23.45336796	23.79033186	24.12729575	24.46425965
];

Disp1=[-0.002772512	-0.000361963	0.007838251	0.022330484	0.043739537	0.072838848	0.110581921	0.157932249	0.21599734	0.293564661	0.385739256	0.492061201	0.612012237	0.74502119	0.890559837	1.048048064	1.216694698	1.395507845	1.583326153	1.778940906	1.981027635	2.188109567	2.39878092	2.611615968	2.817451885	2.973944539	3.12234841	3.270657232	3.418852542	3.566936181	3.714922818	3.86283594	4.010702444	4.158546122	4.306383683
];


% Eta=0.8

x2=[0.027271727	0.028170607	0.029030873	0.028870509	0.030299687	0.031496228	0.037214804	0.0402045	0.042006046	0.045425073	0.045066543	0.044433855	0.044061764	0.043657371	0.042976798	0.04090401	0.037839473	0.036353178	0.034373859	0.034904096	0.035869532	0.035481756	0.032934135	0.026823544	0.01575832	0.009067587	0.009076604	0.009115128	0.00916492	0.009227016	0.009302398	0.009159568	0.009178833	0.009206502	0.009262611	0.008962744	0.008651363	0.008316654	0.00795962	0.007575908	0.007172649	0.006811135	0.006602081	0.006327993	0.005931433	0.00542962	0.004795852	0.004005556	0.002994765	0.001739658	0.00011314	0.000113382	0.000114783	0.000116651	0.000119396	0.000123002	0.00011471	0.000114644	0.000114304	0.000115537	0.000102167	9.15E-05	8.25E-05	7.49E-05	6.78E-05	6.07E-05	5.47E-05	5.13E-05	4.71E-05	4.14E-05	3.46E-05	2.69E-05	1.85E-05	9.75E-06	3.55E-06
];

Y2=[2	2.758168763	3.516337526	4.274506289	5.032675052	5.790843815	6.549012578	7.307181341	8.065350104	8.809478705	9.553607306	10.29773591	11.04186451	11.78599311	12.53012171	13.27425031	14.01837891	14.76250751	15.50663611	16.25076471	16.99489331	17.73902191	18.48315051	19.22727912	19.97140772	20.42069291	20.8699781	21.3192633	21.76854849	22.21783368	22.66711887	23.11640407	23.56568926	24.01497445	24.46425965
];

Disp2=[-0.002775043	-0.000410158	0.007657646	0.021953467	0.043118093	0.071925086	0.109340207	0.156369206	0.214203058	0.284412842	0.366935981	0.461345343	0.567172399	0.683903712	0.810980024	0.947817144	1.093704893	1.247775943	1.409114856	1.576742918	1.749619962	1.926682672	2.106864275	2.289115479	2.465393195	2.661636811	2.850651071	3.039325681	3.227596409	3.415465025	3.602980019	3.790219934	3.977277005	4.16424602	4.351198481
];



% Eta=0.75

x3=[0.026391931	0.027028704	0.028364051	0.029047692	0.030500032	0.031145441	0.039680499	0.042544402	0.044152565	0.04826052	0.046406844	0.045722449	0.045627934	0.044862853	0.043556921	0.041773117	0.039681596	0.038048044	0.035831663	0.033968792	0.033726868	0.032390219	0.029145185	0.02342323	0.019152407	0.008938093	0.008980212	0.009029353	0.009086682	0.009176732	0.009288384	0.009213429	0.009276953	0.009355275	0.009462643	0.0091693	0.008850428	0.008507324	0.008148999	0.007771577	0.007394087	0.00696701	0.006505875	0.006135004	0.005723503	0.005187593	0.004547727	0.003756063	0.002756568	0.002075519	0.00010777	0.000109278	0.000111098	0.000113313	0.000117207	0.000122294	0.000117327	0.00011976	0.000122454	0.000125624	0.000110453	9.77E-05	8.71E-05	7.86E-05	7.13E-05	6.45E-05	5.73E-05	5.00E-05	4.44E-05	3.87E-05	3.18E-05	2.44E-05	1.65E-05	8.67E-06	4.60E-06
];

Y3=[2	2.673927789	3.347855579	4.021783368	4.695711157	5.369638947	6.043566736	6.717494526	7.391422315	8.065350104	8.784206413	9.503062722	10.22191903	10.94077534	11.65963165	12.37848796	13.09734426	13.81620057	14.53505688	15.25391319	15.9727695	16.69162581	17.41048212	18.12933843	18.84819473	19.40980123	19.97140772	20.53301421	21.0946207	21.65622719	22.21783368	22.77944017	23.34104666	23.90265315	24.46425965
];

Disp3=[-0.002761397	-0.000991654	0.005114411	0.015875878	0.031660212	0.052914022	0.080168804	0.113904401	0.154695228	0.203364147	0.266220594	0.339346614	0.422374742	0.51486478	0.616339098	0.726295493	0.844215184	0.969520316	1.101536682	1.239465085	1.382417877	1.529442511	1.67958997	1.831926141	1.979828575	2.208548217	2.430952915	2.652284724	2.872458212	3.091601487	3.309934583	3.527704425	3.745139373	3.962418806	4.17965875
];


% Eta=0.7

x4=[0.026303128	0.026698557	0.027761331	0.0281162	0.029918642	0.03027628	0.038068198	0.040086413	0.040972039	0.043097354	0.045482365	0.044731783	0.04385713	0.045680034	0.044760645	0.04372247	0.040786127	0.03942214	0.03784525	0.035936987	0.033021589	0.031101034	0.027548656	0.021815492	0.0190545	0.008825121	0.008833359	0.008844332	0.008860649	0.008876047	0.008937498	0.008791227	0.008753988	0.008745263	0.008720004	0.008733003	0.008428895	0.008115727	0.007752967	0.0073929	0.007002846	0.006606562	0.006196882	0.005749686	0.005267912	0.004802838	0.004224674	0.003555158	0.002643589	0.002276389	0.000103202	0.000103268	0.000103402	0.000103715	0.000103946	0.000105987	9.96E-05	9.78E-05	9.70E-05	9.50E-05	9.45E-05	8.56E-05	7.82E-05	7.10E-05	6.46E-05	5.79E-05	5.16E-05	4.54E-05	3.92E-05	3.29E-05	2.73E-05	2.11E-05	1.44E-05	7.64E-06	5.55E-06
];

Y4=[2	2.673927789	3.347855579	4.021783368	4.695711157	5.369638947	6.043566736	6.717494526	7.391422315	8.065350104	8.709325547	9.353300991	9.997276434	10.64125188	11.28522732	11.92920276	12.57317821	13.21715365	13.86112909	14.50510454	15.14907998	15.79305542	16.43703087	17.08100631	17.72498175	18.39890954	19.07283733	19.74676512	20.42069291	21.0946207	21.76854849	22.44247628	23.11640407	23.79033186	24.46425965
];

Disp4=[-0.002775533	-0.001062239	0.004882421	0.015377841	0.030785877	0.051535808	0.078125319	0.111071069	0.150972053	0.198649701	0.253393643	0.316249859	0.386865067	0.464821478	0.549690205	0.641008091	0.738312032	0.841095577	0.948836748	1.06098471	1.176932908	1.296015432	1.417534727	1.540798577	1.660339404	1.927406146	2.188794624	2.448563652	2.706402135	2.962297461	3.216472368	3.469289952	3.721195712	3.972638715	4.223950452
];


% Eta= 0.65

x5=[0.026974484	0.027004133	0.026407057	0.027396789	0.028970195	0.031420536	0.031307892	0.039883561	0.04331768	0.044247968	0.047795639	0.046652932	0.047430507	0.046165846	0.041411996	0.04332418	0.042467943	0.039947531	0.041392436	0.038570762	0.03555692	0.032640138	0.028832423	0.024926993	0.021774466	0.008622199	0.008646185	0.00867164	0.008713096	0.008738759	0.008783291	0.008880871	0.008733315	0.008733182	0.00875697	0.008785893	0.00849097	0.008159432	0.007832171	0.007484035	0.007110287	0.006700303	0.006298552	0.005832914	0.00535928	0.004841409	0.00425523	0.003585636	0.002816592	0.002527369	9.57E-05	9.63E-05	9.69E-05	9.80E-05	9.86E-05	9.98E-05	0.000102223	9.66E-05	9.62E-05	9.62E-05	9.58E-05	8.69E-05	7.88E-05	7.25E-05	6.63E-05	5.98E-05	5.31E-05	4.68E-05	3.97E-05	3.34E-05	2.72E-05	2.13E-05	1.51E-05	8.46E-06	7.07E-06
];

